[ 4276.337171] [Project1] 2943 1588166502.907769852 1588166506.226406423
[ 4278.439562] [Project1] 2944 1588166506.226499418 1588166508.328806580
[ 4279.697129] [Project1] 2945 1588166508.328913241 1588166509.586395763
[ 4280.144049] [Project1] 2946 1588166509.586495421 1588166510.33320912
[ 4280.544773] [Project1] 2947 1588166510.33416231 1588166510.434060788
[ 4280.992821] [Project1] 2948 1588166510.434111194 1588166510.882098747
[ 4282.738933] [Project1] 2949 1588166510.882197403 1588166512.628227882
[ 4350.140548] [Project1] 2957 1588166578.776574754 1588166580.30469673
[ 4351.835031] [Project1] 2956 1588166578.318097696 1588166581.724966389
[ 4354.336091] [Project1] 2955 1588166577.916967783 1588166584.226047847
[ 4358.232807] [Project1] 2954 1588166577.517185517 1588166588.122798287
